Random graph with 20% density
Graph 2
 0: (4,5.7) (8,4.5) (9,3.3) (10,5.1) (12,2.2) (13,9.0) (17,6.6) (18,8.4) (20,2.0) (23,6.6) (30,2.4) (31,7.2) (36,3.6) (38,6.2) (39,2.5) (40,9.5) (41,4.8) (43,5.5) (48,5.4) 
 1: (11,8.1) (14,5.9) (16,2.8) (20,3.7) (23,6.2) (29,1.6) (37,3.5) (38,9.6) (39,4.0) (41,7.0) (43,6.3) (46,6.1) (48,6.0) 
 2: (5,9.9) (7,5.7) (8,8.9) (15,7.4) (17,8.8) (26,6.0) (30,4.4) (32,8.5) (33,3.6) (35,8.4) (42,4.4) (47,5.1) (49,4.0) 
 3: (4,7.8) (5,1.3) (8,5.0) (14,9.3) (17,1.8) (21,6.4) (22,3.1) (23,2.2) (26,6.3) (30,8.1) (33,7.4) (40,3.7) (43,8.2) 
 4: (0,5.7) (3,7.8) (5,7.3) (6,6.5) (7,7.6) (11,7.0) (12,3.3) (19,3.6) (20,1.4) (24,2.8) (26,6.7) (28,5.3) (32,4.8) (35,3.4) (36,3.5) (47,2.4) (49,1.4) 
 5: (2,9.9) (3,1.3) (4,7.3) (6,2.5) (7,6.2) (11,9.8) (12,7.3) (14,4.7) (16,9.1) (17,4.8) (21,9.5) (22,8.4) (32,1.1) (34,5.7) (37,9.6) (38,2.0) (41,9.6) (42,7.8) (45,8.4) (49,8.4) 
 6: (4,6.5) (5,2.5) (8,1.4) (9,7.6) (12,4.5) (13,6.8) (17,9.1) (18,7.0) (20,9.3) (21,6.5) (27,5.8) (28,4.3) (30,1.3) (31,1.9) (32,1.8) (35,7.2) (40,5.7) (41,7.2) (45,8.2) (49,9.1) 
 7: (2,5.7) (4,7.6) (5,6.2) (8,8.0) (11,8.5) (14,7.6) (15,5.5) (17,8.0) (20,9.3) (21,7.2) (22,4.3) (25,4.2) (32,4.7) (35,5.3) (38,7.8) (41,6.8) (42,5.6) (44,2.3) 
 8: (0,4.5) (2,8.9) (3,5.0) (6,1.4) (7,8.0) (10,10.0) (11,9.4) (12,1.6) (13,9.9) (17,6.9) (18,6.6) (22,2.9) (27,8.3) (36,1.7) (42,2.6) (43,9.6) (48,8.0) (49,8.2) 
 9: (0,3.3) (6,7.6) (17,4.0) (19,9.7) (20,7.5) (21,9.2) (22,2.4) (26,6.7) (32,4.4) (35,9.8) (42,5.6) 
10: (0,5.1) (8,10.0) (12,4.2) (13,7.3) (18,2.8) (19,6.9) (21,6.4) (26,9.1) (28,9.6) (32,6.2) (35,7.7) (36,8.0) (38,9.0) (41,1.8) (43,7.8) (46,7.8) (47,1.7) 
11: (1,8.1) (4,7.0) (5,9.8) (7,8.5) (8,9.4) (19,9.6) (22,7.8) (23,7.2) (35,1.1) (39,3.4) (40,7.8) (45,5.6) (46,5.5) (48,2.9) (49,9.9) 
12: (0,2.2) (4,3.3) (5,7.3) (6,4.5) (8,1.6) (10,4.2) (13,9.7) (15,9.2) (19,4.2) (20,3.6) (25,8.8) (29,4.7) (31,6.3) (32,8.3) (36,7.7) (41,2.4) (42,7.9) 
13: (0,9.0) (6,6.8) (8,9.9) (10,7.3) (12,9.7) (15,5.0) (17,9.8) (22,7.1) (27,2.7) (30,7.3) (31,5.2) (37,4.1) (38,2.7) (39,1.9) (40,9.5) (42,1.6) (43,8.0) (46,9.7) (47,9.3) (48,5.0) (49,2.2) 
14: (1,5.9) (3,9.3) (5,4.7) (7,7.6) (16,6.8) (18,9.3) (20,1.2) (21,8.7) (22,9.0) (24,4.6) (33,2.6) (37,3.7) (39,9.3) (41,4.7) (45,6.4) (47,8.4) (48,1.7) (49,8.3) 
15: (2,7.4) (7,5.5) (12,9.2) (13,5.0) (17,8.4) (18,6.1) (20,3.9) (21,7.7) (22,3.8) (28,3.6) (31,3.6) (32,4.2) (34,5.3) (35,8.4) (37,7.2) (39,3.7) (40,8.3) (41,4.0) (47,8.1) 
16: (1,2.8) (5,9.1) (14,6.8) (22,8.6) (23,1.9) (26,1.6) (28,4.8) (30,2.0) (31,7.1) (33,5.2) (34,4.2) (35,6.3) (36,1.8) (37,3.2) (39,4.8) (40,9.9) (43,9.1) (44,7.0) (48,3.0) 
17: (0,6.6) (2,8.8) (3,1.8) (5,4.8) (6,9.1) (7,8.0) (8,6.9) (9,4.0) (13,9.8) (15,8.4) (18,9.6) (19,9.1) (20,1.9) (22,8.6) (26,7.7) (30,1.1) (32,4.3) (33,6.9) (36,7.8) (37,7.3) (38,1.4) (40,1.9) (42,7.2) (43,1.3) (44,1.3) (45,5.8) (46,9.3) (47,2.2) 
18: (0,8.4) (6,7.0) (8,6.6) (10,2.8) (14,9.3) (15,6.1) (17,9.6) (22,8.8) (24,8.4) (26,3.5) (27,9.9) (31,2.3) (34,7.4) (37,7.6) (41,7.1) (43,5.1) (44,6.0) (49,5.5) 
19: (4,3.6) (9,9.7) (10,6.9) (11,9.6) (12,4.2) (17,9.1) (20,4.4) (21,6.1) (24,4.3) (25,5.2) (30,4.8) (33,8.5) (37,9.0) (38,3.4) (39,1.2) (46,4.5) (48,5.4) (49,9.2) 
20: (0,2.0) (1,3.7) (4,1.4) (6,9.3) (7,9.3) (9,7.5) (12,3.6) (14,1.2) (15,3.9) (17,1.9) (19,4.4) (24,9.7) (26,1.0) (27,9.9) (28,5.9) (31,3.0) (33,1.6) (38,3.9) (40,9.7) (43,4.8) (46,2.7) (48,6.5) 
21: (3,6.4) (5,9.5) (6,6.5) (7,7.2) (9,9.2) (10,6.4) (14,8.7) (15,7.7) (19,6.1) (22,8.9) (23,4.0) (27,3.8) (33,2.2) (37,3.4) (46,1.6) (47,2.8) (49,6.4) 
22: (3,3.1) (5,8.4) (7,4.3) (8,2.9) (9,2.4) (11,7.8) (13,7.1) (14,9.0) (15,3.8) (16,8.6) (17,8.6) (18,8.8) (21,8.9) (30,9.2) (35,6.7) (36,4.0) (37,6.2) (39,6.8) (42,6.7) (44,5.3) (49,2.7) 
23: (0,6.6) (1,6.2) (3,2.2) (11,7.2) (16,1.9) (21,4.0) (26,9.5) (28,3.0) (32,6.4) (33,4.1) (35,7.1) (36,3.1) (37,6.1) (39,4.5) (44,1.5) (47,6.6) (49,7.8) 
24: (4,2.8) (14,4.6) (18,8.4) (19,4.3) (20,9.7) (26,7.0) (27,1.1) (29,1.4) (33,6.4) (34,9.6) (36,7.2) (37,2.9) (39,2.1) (40,6.2) (41,1.2) (49,5.0) 
25: (7,4.2) (12,8.8) (19,5.2) (27,2.7) (28,1.9) (29,3.4) (31,5.6) (33,6.6) (35,7.4) (43,7.6) (44,7.9) (45,5.0) (46,3.0) 
26: (2,6.0) (3,6.3) (4,6.7) (9,6.7) (10,9.1) (16,1.6) (17,7.7) (18,3.5) (20,1.0) (23,9.5) (24,7.0) (28,7.4) (31,5.5) (32,8.2) (35,4.3) (36,7.5) (38,8.2) (41,3.7) (45,1.3) (47,3.4) (49,2.2) 
27: (6,5.8) (8,8.3) (13,2.7) (18,9.9) (20,9.9) (21,3.8) (24,1.1) (25,2.7) (31,3.3) (34,3.0) (39,7.0) (41,6.4) (45,1.7) (47,3.7) (48,2.4) 
28: (4,5.3) (6,4.3) (10,9.6) (15,3.6) (16,4.8) (20,5.9) (23,3.0) (25,1.9) (26,7.4) (29,9.8) (31,6.9) (33,3.9) (36,9.4) (39,8.3) (40,4.0) (42,6.7) (43,2.6) (45,9.4) (48,1.9) (49,9.8) 
29: (1,1.6) (12,4.7) (24,1.4) (25,3.4) (28,9.8) (31,7.5) (32,7.0) (34,3.4) (36,2.7) (38,7.2) (43,4.0) (47,6.0) (48,9.2) 
30: (0,2.4) (2,4.4) (3,8.1) (6,1.3) (13,7.3) (16,2.0) (17,1.1) (19,4.8) (22,9.2) (34,2.2) (37,2.6) (42,5.4) (48,4.5) 
31: (0,7.2) (6,1.9) (12,6.3) (13,5.2) (15,3.6) (16,7.1) (18,2.3) (20,3.0) (25,5.6) (26,5.5) (27,3.3) (28,6.9) (29,7.5) (33,8.0) (34,9.4) (36,3.4) (47,9.9) (49,1.1) 
32: (2,8.5) (4,4.8) (5,1.1) (6,1.8) (7,4.7) (9,4.4) (10,6.2) (12,8.3) (15,4.2) (17,4.3) (23,6.4) (26,8.2) (29,7.0) (33,5.0) (38,6.7) (40,9.7) (46,8.5) 
33: (2,3.6) (3,7.4) (14,2.6) (16,5.2) (17,6.9) (19,8.5) (20,1.6) (21,2.2) (23,4.1) (24,6.4) (25,6.6) (28,3.9) (31,8.0) (32,5.0) (34,8.3) (35,5.0) (41,4.2) (42,3.3) (46,4.4) 
34: (5,5.7) (15,5.3) (16,4.2) (18,7.4) (24,9.6) (27,3.0) (29,3.4) (30,2.2) (31,9.4) (33,8.3) (35,6.0) (37,4.8) (45,2.4) 
35: (2,8.4) (4,3.4) (6,7.2) (7,5.3) (9,9.8) (10,7.7) (11,1.1) (15,8.4) (16,6.3) (22,6.7) (23,7.1) (25,7.4) (26,4.3) (33,5.0) (34,6.0) (37,7.2) (38,2.1) (39,3.0) (43,4.8) 
36: (0,3.6) (4,3.5) (8,1.7) (10,8.0) (12,7.7) (16,1.8) (17,7.8) (22,4.0) (23,3.1) (24,7.2) (26,7.5) (28,9.4) (29,2.7) (31,3.4) (39,6.7) (41,9.4) (46,6.8) (47,1.1) 
37: (1,3.5) (5,9.6) (13,4.1) (14,3.7) (15,7.2) (16,3.2) (17,7.3) (18,7.6) (19,9.0) (21,3.4) (22,6.2) (23,6.1) (24,2.9) (30,2.6) (34,4.8) (35,7.2) (44,1.8) (47,7.4) 
38: (0,6.2) (1,9.6) (5,2.0) (7,7.8) (10,9.0) (13,2.7) (17,1.4) (19,3.4) (20,3.9) (26,8.2) (29,7.2) (32,6.7) (35,2.1) (43,6.8) (44,2.5) (47,5.3) (48,2.9) 
39: (0,2.5) (1,4.0) (11,3.4) (13,1.9) (14,9.3) (15,3.7) (16,4.8) (19,1.2) (22,6.8) (23,4.5) (24,2.1) (27,7.0) (28,8.3) (35,3.0) (36,6.7) (42,3.5) (46,6.1) (49,2.0) 
40: (0,9.5) (3,3.7) (6,5.7) (11,7.8) (13,9.5) (15,8.3) (16,9.9) (17,1.9) (20,9.7) (24,6.2) (28,4.0) (32,9.7) (44,9.1) (45,8.3) (48,6.2) 
41: (0,4.8) (1,7.0) (5,9.6) (6,7.2) (7,6.8) (10,1.8) (12,2.4) (14,4.7) (15,4.0) (18,7.1) (24,1.2) (26,3.7) (27,6.4) (33,4.2) (36,9.4) (43,5.9) 
42: (2,4.4) (5,7.8) (7,5.6) (8,2.6) (9,5.6) (12,7.9) (13,1.6) (17,7.2) (22,6.7) (28,6.7) (30,5.4) (33,3.3) (39,3.5) (45,1.4) (46,2.9) (49,2.6) 
43: (0,5.5) (1,6.3) (3,8.2) (8,9.6) (10,7.8) (13,8.0) (16,9.1) (17,1.3) (18,5.1) (20,4.8) (25,7.6) (28,2.6) (29,4.0) (35,4.8) (38,6.8) (41,5.9) (47,2.2) 
44: (7,2.3) (16,7.0) (17,1.3) (18,6.0) (22,5.3) (23,1.5) (25,7.9) (37,1.8) (38,2.5) (40,9.1) (45,1.1) (47,5.0) 
45: (5,8.4) (6,8.2) (11,5.6) (14,6.4) (17,5.8) (25,5.0) (26,1.3) (27,1.7) (28,9.4) (34,2.4) (40,8.3) (42,1.4) (44,1.1) (48,4.5) 
46: (1,6.1) (10,7.8) (11,5.5) (13,9.7) (17,9.3) (19,4.5) (20,2.7) (21,1.6) (25,3.0) (32,8.5) (33,4.4) (36,6.8) (39,6.1) (42,2.9) (47,9.1) 
47: (2,5.1) (4,2.4) (10,1.7) (13,9.3) (14,8.4) (15,8.1) (17,2.2) (21,2.8) (23,6.6) (26,3.4) (27,3.7) (29,6.0) (31,9.9) (36,1.1) (37,7.4) (38,5.3) (43,2.2) (44,5.0) (46,9.1) (48,8.4) (49,8.6) 
48: (0,5.4) (1,6.0) (8,8.0) (11,2.9) (13,5.0) (14,1.7) (16,3.0) (19,5.4) (20,6.5) (27,2.4) (28,1.9) (29,9.2) (30,4.5) (38,2.9) (40,6.2) (45,4.5) (47,8.4) (49,2.9) 
49: (2,4.0) (4,1.4) (5,8.4) (6,9.1) (8,8.2) (11,9.9) (13,2.2) (14,8.3) (18,5.5) (19,9.2) (21,6.4) (22,2.7) (23,7.8) (24,5.0) (26,2.2) (28,9.8) (31,1.1) (39,2.0) (42,2.6) (47,8.6) (48,2.9) 
The shortest path from 0 to 1 in graph 2 is: [ 0 20 1 ] 
with cost: 5.8
The shortest path from 0 to 2 in graph 2 is: [ 0 30 2 ] 
with cost: 6.8
The shortest path from 0 to 3 in graph 2 is: [ 0 30 17 3 ] 
with cost: 5.3
The shortest path from 0 to 4 in graph 2 is: [ 0 20 4 ] 
with cost: 3.4
The shortest path from 0 to 5 in graph 2 is: [ 0 30 6 5 ] 
with cost: 6.2
The shortest path from 0 to 6 in graph 2 is: [ 0 30 6 ] 
with cost: 3.7
The shortest path from 0 to 7 in graph 2 is: [ 0 30 17 44 7 ] 
with cost: 7.1
The shortest path from 0 to 8 in graph 2 is: [ 0 12 8 ] 
with cost: 3.8
The shortest path from 0 to 9 in graph 2 is: [ 0 9 ] 
with cost: 3.3
The shortest path from 0 to 10 in graph 2 is: [ 0 10 ] 
with cost: 5.1
The shortest path from 0 to 11 in graph 2 is: [ 0 39 11 ] 
with cost: 5.9
The shortest path from 0 to 12 in graph 2 is: [ 0 12 ] 
with cost: 2.2
The shortest path from 0 to 13 in graph 2 is: [ 0 39 13 ] 
with cost: 4.4
The shortest path from 0 to 14 in graph 2 is: [ 0 20 14 ] 
with cost: 3.2
The shortest path from 0 to 15 in graph 2 is: [ 0 20 15 ] 
with cost: 6.0
The shortest path from 0 to 16 in graph 2 is: [ 0 30 16 ] 
with cost: 4.4
The shortest path from 0 to 17 in graph 2 is: [ 0 30 17 ] 
with cost: 3.5
The shortest path from 0 to 18 in graph 2 is: [ 0 20 26 18 ] 
with cost: 6.5
The shortest path from 0 to 19 in graph 2 is: [ 0 39 19 ] 
with cost: 3.7
The shortest path from 0 to 20 in graph 2 is: [ 0 20 ] 
with cost: 2.0
The shortest path from 0 to 21 in graph 2 is: [ 0 20 33 21 ] 
with cost: 5.8
The shortest path from 0 to 22 in graph 2 is: [ 0 9 22 ] 
with cost: 5.7
The shortest path from 0 to 23 in graph 2 is: [ 0 30 16 23 ] 
with cost: 6.3
The shortest path from 0 to 24 in graph 2 is: [ 0 39 24 ] 
with cost: 4.6
The shortest path from 0 to 25 in graph 2 is: [ 0 20 46 25 ] 
with cost: 7.7
The shortest path from 0 to 26 in graph 2 is: [ 0 20 26 ] 
with cost: 3.1
The shortest path from 0 to 27 in graph 2 is: [ 0 39 24 27 ] 
with cost: 5.7
The shortest path from 0 to 28 in graph 2 is: [ 0 20 14 48 28 ] 
with cost: 6.8
The shortest path from 0 to 29 in graph 2 is: [ 0 39 24 29 ] 
with cost: 5.9
The shortest path from 0 to 30 in graph 2 is: [ 0 30 ] 
with cost: 2.4
The shortest path from 0 to 31 in graph 2 is: [ 0 20 31 ] 
with cost: 5.1
The shortest path from 0 to 32 in graph 2 is: [ 0 30 6 32 ] 
with cost: 5.4
The shortest path from 0 to 33 in graph 2 is: [ 0 20 33 ] 
with cost: 3.6
The shortest path from 0 to 34 in graph 2 is: [ 0 30 34 ] 
with cost: 4.6
The shortest path from 0 to 35 in graph 2 is: [ 0 39 35 ] 
with cost: 5.5
The shortest path from 0 to 36 in graph 2 is: [ 0 36 ] 
with cost: 3.6
The shortest path from 0 to 37 in graph 2 is: [ 0 30 37 ] 
with cost: 4.9
The shortest path from 0 to 38 in graph 2 is: [ 0 30 17 38 ] 
with cost: 4.9
The shortest path from 0 to 39 in graph 2 is: [ 0 39 ] 
with cost: 2.5
The shortest path from 0 to 40 in graph 2 is: [ 0 30 17 40 ] 
with cost: 5.3
The shortest path from 0 to 41 in graph 2 is: [ 0 12 41 ] 
with cost: 4.7
The shortest path from 0 to 42 in graph 2 is: [ 0 20 26 45 42 ] 
with cost: 5.8
The shortest path from 0 to 43 in graph 2 is: [ 0 30 17 43 ] 
with cost: 4.7
The shortest path from 0 to 44 in graph 2 is: [ 0 30 17 44 ] 
with cost: 4.8
The shortest path from 0 to 45 in graph 2 is: [ 0 20 26 45 ] 
with cost: 4.4
The shortest path from 0 to 46 in graph 2 is: [ 0 20 46 ] 
with cost: 4.7
The shortest path from 0 to 47 in graph 2 is: [ 0 36 47 ] 
with cost: 4.7
The shortest path from 0 to 48 in graph 2 is: [ 0 20 14 48 ] 
with cost: 4.9
The shortest path from 0 to 49 in graph 2 is: [ 0 39 49 ] 
with cost: 4.5
The average path cost is: 4.8
