Random graph with 40% desnity
Graph 3
 0: (2,6.4) (4,6.7) (6,6.3) (7,5.9) (8,2.7) (9,5.0) (11,5.8) (12,9.8) (14,4.1) (15,4.2) (16,4.6) (17,6.5) (18,4.1) (20,3.3) (21,7.6) (22,2.8) (24,6.6) (25,7.9) (27,6.7) (28,8.5) (29,6.2) (30,9.5) (32,7.7) (33,2.8) (36,5.5) (38,3.6) (39,9.4) (40,2.6) (41,6.0) (42,2.6) (43,2.6) (45,7.1) (46,7.1) (47,6.7) (48,5.2) (49,8.2) 
 1: (2,6.9) (3,7.6) (4,7.6) (5,4.3) (6,4.5) (7,5.6) (8,2.0) (11,7.0) (12,10.0) (13,9.0) (15,6.2) (16,1.8) (17,6.2) (18,2.6) (19,8.9) (22,4.8) (23,1.9) (24,5.3) (25,5.7) (28,4.9) (31,6.4) (33,7.3) (34,6.6) (36,6.5) (40,3.1) (41,5.9) (43,4.7) (45,1.1) (46,7.4) (47,9.3) (48,6.5) (49,3.5) 
 2: (0,6.4) (1,6.9) (3,6.4) (4,1.2) (5,3.9) (9,5.1) (11,3.3) (15,9.3) (16,3.1) (17,5.0) (21,2.1) (22,8.5) (23,8.6) (24,8.6) (25,9.7) (26,5.3) (27,2.6) (28,3.6) (32,1.9) (34,8.2) (36,7.0) (38,2.8) (39,3.5) (40,3.2) (46,6.6) (47,1.3) (48,2.5) (49,9.5) 
 3: (1,7.6) (2,6.4) (5,8.8) (6,9.4) (7,8.2) (9,2.0) (10,8.2) (11,6.2) (12,9.6) (13,1.3) (15,1.6) (17,7.1) (18,4.9) (21,6.0) (22,1.0) (23,9.9) (24,4.9) (25,1.6) (26,5.2) (27,9.6) (30,3.7) (34,3.0) (35,5.8) (36,1.5) (38,3.7) (39,5.2) (42,5.1) (43,4.1) (44,7.0) (45,4.5) (46,8.8) (47,2.9) (49,1.0) 
 4: (0,6.7) (1,7.6) (2,1.2) (7,1.3) (8,6.8) (11,6.1) (14,1.8) (15,7.5) (16,9.8) (17,1.6) (19,4.9) (22,1.5) (23,8.5) (24,5.7) (25,8.0) (26,8.3) (27,2.4) (30,7.1) (31,4.7) (34,5.7) (35,2.2) (36,6.8) (39,3.9) (40,1.7) (41,8.9) (44,6.2) (46,9.9) (47,1.1) (49,9.9) 
 5: (1,4.3) (2,3.9) (3,8.8) (6,4.0) (7,6.4) (8,2.7) (11,3.3) (12,3.4) (15,2.2) (16,9.3) (18,9.8) (19,2.9) (20,8.5) (22,8.6) (24,7.1) (25,7.7) (26,6.1) (27,2.3) (28,4.8) (29,3.9) (30,1.9) (31,9.7) (32,9.7) (33,9.4) (35,9.1) (36,4.3) (38,3.9) (41,9.7) (42,9.9) (43,4.6) (44,1.7) (45,6.2) (46,3.6) (48,1.5) (49,3.7) 
 6: (0,6.3) (1,4.5) (3,9.4) (5,4.0) (7,4.3) (8,3.5) (9,8.5) (11,6.8) (12,1.3) (13,2.1) (16,3.4) (22,2.2) (24,9.6) (25,9.2) (26,1.9) (27,7.6) (29,8.4) (32,8.0) (34,4.1) (35,2.7) (36,5.7) (39,1.7) (42,9.7) (44,7.2) (45,9.1) 
 7: (0,5.9) (1,5.6) (3,8.2) (4,1.3) (5,6.4) (6,4.3) (11,2.8) (13,6.0) (14,9.4) (16,7.0) (17,8.2) (18,9.8) (19,3.7) (20,7.4) (21,5.4) (25,6.2) (27,9.9) (28,9.4) (29,3.1) (30,2.6) (31,9.8) (32,3.0) (34,6.5) (36,4.0) (38,4.5) (41,2.4) (43,1.9) (46,4.8) (47,5.8) 
 8: (0,2.7) (1,2.0) (4,6.8) (5,2.7) (6,3.5) (11,3.6) (13,7.1) (14,6.1) (16,9.6) (18,4.3) (19,4.7) (20,9.6) (21,6.1) (22,3.2) (23,5.1) (26,5.1) (27,9.4) (30,8.7) (32,6.6) (33,8.0) (35,7.4) (38,4.9) (39,3.3) (45,2.8) (46,2.4) (47,8.1) (48,8.6) (49,4.7) 
 9: (0,5.0) (2,5.1) (3,2.0) (6,8.5) (10,8.4) (11,2.5) (12,9.0) (13,4.2) (14,3.7) (16,5.8) (18,4.9) (20,5.7) (21,5.0) (22,6.7) (23,9.9) (24,8.6) (25,6.2) (27,7.5) (28,4.4) (30,2.2) (31,3.3) (34,1.2) (36,7.2) (37,2.7) (38,5.4) (39,5.0) (40,4.4) (41,3.2) (42,3.6) (43,6.5) (45,2.9) (47,1.9) (49,9.6) 
10: (3,8.2) (9,8.4) (11,3.7) (14,2.3) (19,9.5) (20,6.7) (21,6.0) (23,6.5) (24,8.3) (27,9.3) (28,3.6) (29,8.6) (30,8.9) (31,2.4) (34,8.6) (35,3.7) (36,9.3) (37,4.8) (38,1.5) (39,7.4) (42,8.8) (43,5.9) (45,9.6) (46,2.1) (48,1.1) (49,6.2) 
11: (0,5.8) (1,7.0) (2,3.3) (3,6.2) (4,6.1) (5,3.3) (6,6.8) (7,2.8) (8,3.6) (9,2.5) (10,3.7) (12,1.1) (15,8.6) (16,6.7) (17,1.3) (18,8.6) (21,5.0) (24,8.9) (26,4.3) (29,7.6) (30,5.3) (31,8.8) (33,6.7) (34,6.0) (35,1.1) (36,8.7) (38,4.8) (39,9.7) (40,1.7) (41,3.0) (42,3.6) (43,4.0) (44,5.2) (45,2.1) (46,8.7) (47,3.1) (48,1.7) (49,8.2) 
12: (0,9.8) (1,10.0) (3,9.6) (5,3.4) (6,1.3) (9,9.0) (11,1.1) (14,1.1) (17,4.0) (19,3.0) (20,1.4) (22,8.6) (23,2.5) (24,3.9) (25,7.1) (26,2.3) (28,1.2) (29,8.2) (31,7.3) (32,2.5) (33,4.9) (35,8.5) (36,5.5) (37,8.2) (39,2.2) (40,7.7) (41,9.7) (42,6.8) (44,4.5) (45,4.5) (46,1.4) (47,1.4) 
13: (1,9.0) (3,1.3) (6,2.1) (7,6.0) (8,7.1) (9,4.2) (15,9.7) (17,3.5) (18,6.1) (21,3.0) (22,3.8) (24,6.7) (27,9.3) (28,3.9) (32,9.3) (33,5.8) (34,1.1) (35,5.8) (40,6.9) (44,3.6) (45,5.9) (47,9.8) (49,5.7) 
14: (0,4.1) (4,1.8) (7,9.4) (8,6.1) (9,3.7) (10,2.3) (12,1.1) (15,5.5) (17,9.3) (18,3.0) (21,7.3) (22,1.1) (26,5.4) (27,6.1) (28,2.9) (29,9.3) (38,2.3) (39,8.9) (41,5.0) (42,9.1) (43,7.7) (44,6.2) (48,9.3) (49,7.8) 
15: (0,4.2) (1,6.2) (2,9.3) (3,1.6) (4,7.5) (5,2.2) (11,8.6) (13,9.7) (14,5.5) (18,8.5) (20,9.1) (22,2.1) (23,6.7) (24,2.4) (26,5.2) (27,1.2) (28,8.8) (29,4.9) (30,6.7) (31,2.3) (32,8.1) (33,6.6) (36,8.7) (37,4.6) (38,2.1) (39,8.4) (40,5.5) (41,3.4) (43,9.1) (44,4.5) (45,6.9) (46,9.4) (47,2.6) (48,3.9) (49,2.3) 
16: (0,4.6) (1,1.8) (2,3.1) (4,9.8) (5,9.3) (6,3.4) (7,7.0) (8,9.6) (9,5.8) (11,6.7) (18,9.9) (19,5.5) (20,2.8) (21,7.2) (24,6.8) (25,7.6) (26,4.1) (28,9.4) (29,7.7) (30,7.1) (31,1.5) (32,4.5) (33,1.1) (35,8.1) (38,6.9) (39,5.1) (40,3.7) (42,1.0) (44,1.1) (45,3.2) (49,4.4) 
17: (0,6.5) (1,6.2) (2,5.0) (3,7.1) (4,1.6) (7,8.2) (11,1.3) (12,4.0) (13,3.5) (14,9.3) (20,3.8) (21,1.0) (22,9.5) (25,2.2) (26,4.2) (29,9.0) (30,2.0) (33,4.6) (35,5.1) (36,8.6) (39,6.9) (40,6.9) (41,5.4) (42,8.4) (43,5.6) (45,5.1) (48,9.0) (49,3.0) 
18: (0,4.1) (1,2.6) (3,4.9) (5,9.8) (7,9.8) (8,4.3) (9,4.9) (11,8.6) (13,6.1) (14,3.0) (15,8.5) (16,9.9) (19,2.6) (20,1.8) (21,1.5) (22,9.6) (24,5.9) (25,8.5) (26,2.1) (27,9.2) (29,2.3) (31,6.2) (32,4.1) (34,2.2) (36,9.1) (37,8.6) (39,8.0) (40,3.0) (42,6.0) (45,4.8) (48,8.9) (49,5.3) 
19: (1,8.9) (4,4.9) (5,2.9) (7,3.7) (8,4.7) (10,9.5) (12,3.0) (16,5.5) (18,2.6) (20,4.0) (24,8.5) (27,9.9) (29,5.3) (30,4.2) (31,9.2) (32,1.5) (33,7.2) (34,9.3) (35,8.5) (38,6.8) (41,7.6) (42,7.3) (43,8.5) (44,6.1) (45,6.9) (46,2.7) (48,8.0) (49,2.8) 
20: (0,3.3) (5,8.5) (7,7.4) (8,9.6) (9,5.7) (10,6.7) (12,1.4) (15,9.1) (16,2.8) (17,3.8) (18,1.8) (19,4.0) (21,1.1) (23,8.3) (24,5.9) (26,4.7) (27,1.9) (28,2.4) (29,9.4) (30,5.0) (32,4.0) (33,5.9) (34,5.4) (35,2.9) (37,7.4) (38,7.2) (40,3.5) (41,6.1) (43,8.9) (44,1.7) (45,9.2) (47,6.9) (48,9.7) 
21: (0,7.6) (2,2.1) (3,6.0) (7,5.4) (8,6.1) (9,5.0) (10,6.0) (11,5.0) (13,3.0) (14,7.3) (16,7.2) (17,1.0) (18,1.5) (20,1.1) (23,6.9) (25,1.2) (26,5.2) (27,1.1) (30,4.1) (31,9.3) (32,2.0) (34,6.2) (36,5.2) (37,6.8) (38,6.1) (39,5.4) (40,6.1) (42,4.6) (43,6.5) (45,6.5) (46,7.1) (48,1.8) (49,4.0) 
22: (0,2.8) (1,4.8) (2,8.5) (3,1.0) (4,1.5) (5,8.6) (6,2.2) (8,3.2) (9,6.7) (12,8.6) (13,3.8) (14,1.1) (15,2.1) (17,9.5) (18,9.6) (25,5.8) (26,2.3) (28,1.9) (29,1.5) (30,8.1) (31,5.4) (32,3.1) (34,4.6) (36,4.3) (37,8.0) (38,4.8) (39,6.8) (40,6.0) (41,5.7) (42,2.8) (43,5.0) (45,3.9) (47,5.9) (48,9.2) (49,6.2) 
23: (1,1.9) (2,8.6) (3,9.9) (4,8.5) (8,5.1) (9,9.9) (10,6.5) (12,2.5) (15,6.7) (20,8.3) (21,6.9) (24,9.7) (25,8.0) (27,8.2) (28,8.4) (30,4.9) (31,1.9) (33,6.6) (34,2.0) (35,1.1) (38,1.2) (39,3.7) (40,5.1) (41,1.8) (42,2.9) (46,8.7) (47,3.3) (48,6.6) (49,5.1) 
24: (0,6.6) (1,5.3) (2,8.6) (3,4.9) (4,5.7) (5,7.1) (6,9.6) (9,8.6) (10,8.3) (11,8.9) (12,3.9) (13,6.7) (15,2.4) (16,6.8) (18,5.9) (19,8.5) (20,5.9) (23,9.7) (25,1.5) (26,5.0) (32,7.1) (33,8.0) (34,7.9) (35,9.7) (37,2.4) (38,3.4) (39,1.7) (40,7.6) (42,6.3) (43,4.6) (44,8.9) (45,8.3) (46,4.1) (47,3.2) (48,9.0) 
25: (0,7.9) (1,5.7) (2,9.7) (3,1.6) (4,8.0) (5,7.7) (6,9.2) (7,6.2) (9,6.2) (12,7.1) (16,7.6) (17,2.2) (18,8.5) (21,1.2) (22,5.8) (23,8.0) (24,1.5) (26,6.5) (29,9.1) (30,3.0) (31,3.1) (32,3.5) (33,7.7) (34,3.2) (35,3.6) (36,3.5) (39,5.8) (43,8.6) (45,3.2) (47,3.3) (48,2.7) (49,4.7) 
26: (2,5.3) (3,5.2) (4,8.3) (5,6.1) (6,1.9) (8,5.1) (11,4.3) (12,2.3) (14,5.4) (15,5.2) (16,4.1) (17,4.2) (18,2.1) (20,4.7) (21,5.2) (22,2.3) (24,5.0) (25,6.5) (29,5.1) (32,4.5) (34,4.4) (35,5.1) (36,1.1) (38,4.3) (39,6.3) (40,1.2) (42,1.9) (43,9.5) (47,9.0) (49,1.4) 
27: (0,6.7) (2,2.6) (3,9.6) (4,2.4) (5,2.3) (6,7.6) (7,9.9) (8,9.4) (9,7.5) (10,9.3) (13,9.3) (14,6.1) (15,1.2) (18,9.2) (19,9.9) (20,1.9) (21,1.1) (23,8.2) (28,9.1) (29,4.9) (33,5.2) (38,2.3) (39,2.9) (40,1.8) (41,8.2) (43,4.7) (44,4.9) (45,7.2) (46,6.0) (47,1.8) (48,2.2) 
28: (0,8.5) (1,4.9) (2,3.6) (5,4.8) (7,9.4) (9,4.4) (10,3.6) (12,1.2) (13,3.9) (14,2.9) (15,8.8) (16,9.4) (20,2.4) (22,1.9) (23,8.4) (27,9.1) (30,5.8) (32,1.4) (33,1.4) (34,6.3) (35,5.8) (37,5.5) (38,1.2) (39,2.8) (40,5.7) (41,8.0) (42,5.1) (45,6.1) (46,8.6) (48,4.0) (49,8.3) 
29: (0,6.2) (5,3.9) (6,8.4) (7,3.1) (10,8.6) (11,7.6) (12,8.2) (14,9.3) (15,4.9) (16,7.7) (17,9.0) (18,2.3) (19,5.3) (20,9.4) (22,1.5) (25,9.1) (26,5.1) (27,4.9) (30,2.4) (31,3.3) (33,2.3) (34,5.7) (35,2.8) (36,5.2) (37,9.0) (39,2.9) (40,4.5) (41,5.1) (42,6.1) (44,3.1) (45,5.3) (47,9.0) (48,9.0) (49,4.0) 
30: (0,9.5) (3,3.7) (4,7.1) (5,1.9) (7,2.6) (8,8.7) (9,2.2) (10,8.9) (11,5.3) (15,6.7) (16,7.1) (17,2.0) (19,4.2) (20,5.0) (21,4.1) (22,8.1) (23,4.9) (25,3.0) (28,5.8) (29,2.4) (33,6.6) (40,6.5) (41,9.5) (43,9.5) (44,9.2) (45,3.1) (46,8.4) (47,8.7) (48,4.1) 
31: (1,6.4) (4,4.7) (5,9.7) (7,9.8) (9,3.3) (10,2.4) (11,8.8) (12,7.3) (15,2.3) (16,1.5) (18,6.2) (19,9.2) (21,9.3) (22,5.4) (23,1.9) (25,3.1) (29,3.3) (33,8.1) (35,9.1) (36,2.1) (37,4.1) (38,1.0) (39,1.2) (40,8.2) (42,7.7) (43,1.6) (44,5.2) (45,3.0) (47,8.6) (48,9.1) 
32: (0,7.7) (2,1.9) (5,9.7) (6,8.0) (7,3.0) (8,6.6) (12,2.5) (13,9.3) (15,8.1) (16,4.5) (18,4.1) (19,1.5) (20,4.0) (21,2.0) (22,3.1) (24,7.1) (25,3.5) (26,4.5) (28,1.4) (33,6.6) (36,9.0) (37,2.8) (38,6.5) (41,1.0) (42,9.0) (43,1.9) (44,3.8) (45,3.5) (46,3.9) (48,3.0) (49,7.0) 
33: (0,2.8) (1,7.3) (5,9.4) (8,8.0) (11,6.7) (12,4.9) (13,5.8) (15,6.6) (16,1.1) (17,4.6) (19,7.2) (20,5.9) (23,6.6) (24,8.0) (25,7.7) (27,5.2) (28,1.4) (29,2.3) (30,6.6) (31,8.1) (32,6.6) (34,3.1) (35,8.0) (36,3.5) (39,3.6) (41,4.7) (42,4.4) (43,2.3) (44,3.1) (46,8.1) (47,1.7) 
34: (1,6.6) (2,8.2) (3,3.0) (4,5.7) (6,4.1) (7,6.5) (9,1.2) (10,8.6) (11,6.0) (13,1.1) (18,2.2) (19,9.3) (20,5.4) (21,6.2) (22,4.6) (23,2.0) (24,7.9) (25,3.2) (26,4.4) (28,6.3) (29,5.7) (33,3.1) (37,2.5) (38,2.3) (40,3.1) (42,3.1) (43,4.8) (44,9.7) (45,2.7) (49,1.5) 
35: (3,5.8) (4,2.2) (5,9.1) (6,2.7) (8,7.4) (10,3.7) (11,1.1) (12,8.5) (13,5.8) (16,8.1) (17,5.1) (19,8.5) (20,2.9) (23,1.1) (24,9.7) (25,3.6) (26,5.1) (28,5.8) (29,2.8) (31,9.1) (33,8.0) (36,3.7) (37,8.3) (38,1.2) (39,2.3) (40,1.9) (41,5.1) (42,2.3) (43,5.1) (45,4.2) (46,3.2) (47,6.9) 
36: (0,5.5) (1,6.5) (2,7.0) (3,1.5) (4,6.8) (5,4.3) (6,5.7) (7,4.0) (9,7.2) (10,9.3) (11,8.7) (12,5.5) (15,8.7) (17,8.6) (18,9.1) (21,5.2) (22,4.3) (25,3.5) (26,1.1) (29,5.2) (31,2.1) (32,9.0) (33,3.5) (35,3.7) (37,2.7) (41,7.5) (42,8.1) (43,5.3) (44,4.5) (47,2.9) (49,8.7) 
37: (9,2.7) (10,4.8) (12,8.2) (15,4.6) (18,8.6) (20,7.4) (21,6.8) (22,8.0) (24,2.4) (28,5.5) (29,9.0) (31,4.1) (32,2.8) (34,2.5) (35,8.3) (36,2.7) (38,7.7) (39,4.4) (40,1.9) (41,2.2) (43,6.5) (44,6.9) (46,9.2) (47,1.6) (48,6.1) (49,8.3) 
38: (0,3.6) (2,2.8) (3,3.7) (5,3.9) (7,4.5) (8,4.9) (9,5.4) (10,1.5) (11,4.8) (14,2.3) (15,2.1) (16,6.9) (19,6.8) (20,7.2) (21,6.1) (22,4.8) (23,1.2) (24,3.4) (26,4.3) (27,2.3) (28,1.2) (31,1.0) (32,6.5) (34,2.3) (35,1.2) (37,7.7) (39,2.5) (40,9.4) (41,5.2) (42,9.3) (43,7.8) (44,7.1) (47,1.1) (48,6.9) (49,8.7) 
39: (0,9.4) (2,3.5) (3,5.2) (4,3.9) (6,1.7) (8,3.3) (9,5.0) (10,7.4) (11,9.7) (12,2.2) (14,8.9) (15,8.4) (16,5.1) (17,6.9) (18,8.0) (21,5.4) (22,6.8) (23,3.7) (24,1.7) (25,5.8) (26,6.3) (27,2.9) (28,2.8) (29,2.9) (31,1.2) (33,3.6) (35,2.3) (37,4.4) (38,2.5) (40,3.1) (41,8.5) (42,5.1) (44,3.4) (45,1.3) (46,8.0) (47,8.6) (48,9.8) (49,3.2) 
40: (0,2.6) (1,3.1) (2,3.2) (4,1.7) (9,4.4) (11,1.7) (12,7.7) (13,6.9) (15,5.5) (16,3.7) (17,6.9) (18,3.0) (20,3.5) (21,6.1) (22,6.0) (23,5.1) (24,7.6) (26,1.2) (27,1.8) (28,5.7) (29,4.5) (30,6.5) (31,8.2) (34,3.1) (35,1.9) (37,1.9) (38,9.4) (39,3.1) (42,4.6) (43,4.4) (44,7.1) (46,1.1) (47,5.9) (48,6.6) 
41: (0,6.0) (1,5.9) (4,8.9) (5,9.7) (7,2.4) (9,3.2) (11,3.0) (12,9.7) (14,5.0) (15,3.4) (17,5.4) (19,7.6) (20,6.1) (22,5.7) (23,1.8) (27,8.2) (28,8.0) (29,5.1) (30,9.5) (32,1.0) (33,4.7) (35,5.1) (36,7.5) (37,2.2) (38,5.2) (39,8.5) (43,2.3) (44,5.0) (46,7.7) (47,4.3) (49,9.7) 
42: (0,2.6) (3,5.1) (5,9.9) (6,9.7) (9,3.6) (10,8.8) (11,3.6) (12,6.8) (14,9.1) (16,1.0) (17,8.4) (18,6.0) (19,7.3) (21,4.6) (22,2.8) (23,2.9) (24,6.3) (26,1.9) (28,5.1) (29,6.1) (31,7.7) (32,9.0) (33,4.4) (34,3.1) (35,2.3) (36,8.1) (38,9.3) (39,5.1) (40,4.6) (44,6.0) (45,5.6) (46,4.6) (47,2.8) (49,5.7) 
43: (0,2.6) (1,4.7) (3,4.1) (5,4.6) (7,1.9) (9,6.5) (10,5.9) (11,4.0) (14,7.7) (15,9.1) (17,5.6) (19,8.5) (20,8.9) (21,6.5) (22,5.0) (24,4.6) (25,8.6) (26,9.5) (27,4.7) (30,9.5) (31,1.6) (32,1.9) (33,2.3) (34,4.8) (35,5.1) (36,5.3) (37,6.5) (38,7.8) (40,4.4) (41,2.3) (44,4.9) (45,1.0) (46,6.4) (49,9.2) 
44: (3,7.0) (4,6.2) (5,1.7) (6,7.2) (11,5.2) (12,4.5) (13,3.6) (14,6.2) (15,4.5) (16,1.1) (19,6.1) (20,1.7) (24,8.9) (27,4.9) (29,3.1) (30,9.2) (31,5.2) (32,3.8) (33,3.1) (34,9.7) (36,4.5) (37,6.9) (38,7.1) (39,3.4) (40,7.1) (41,5.0) (42,6.0) (43,4.9) (45,6.9) (46,3.3) 
45: (0,7.1) (1,1.1) (3,4.5) (5,6.2) (6,9.1) (8,2.8) (9,2.9) (10,9.6) (11,2.1) (12,4.5) (13,5.9) (15,6.9) (16,3.2) (17,5.1) (18,4.8) (19,6.9) (20,9.2) (21,6.5) (22,3.9) (24,8.3) (25,3.2) (27,7.2) (28,6.1) (29,5.3) (30,3.1) (31,3.0) (32,3.5) (34,2.7) (35,4.2) (39,1.3) (42,5.6) (43,1.0) (44,6.9) (46,9.6) (49,1.8) 
46: (0,7.1) (1,7.4) (2,6.6) (3,8.8) (4,9.9) (5,3.6) (7,4.8) (8,2.4) (10,2.1) (11,8.7) (12,1.4) (15,9.4) (19,2.7) (21,7.1) (23,8.7) (24,4.1) (27,6.0) (28,8.6) (30,8.4) (32,3.9) (33,8.1) (35,3.2) (37,9.2) (39,8.0) (40,1.1) (41,7.7) (42,4.6) (43,6.4) (44,3.3) (45,9.6) (47,5.5) (48,4.3) 
47: (0,6.7) (1,9.3) (2,1.3) (3,2.9) (4,1.1) (7,5.8) (8,8.1) (9,1.9) (11,3.1) (12,1.4) (13,9.8) (15,2.6) (20,6.9) (22,5.9) (23,3.3) (24,3.2) (25,3.3) (26,9.0) (27,1.8) (29,9.0) (30,8.7) (31,8.6) (33,1.7) (35,6.9) (36,2.9) (37,1.6) (38,1.1) (39,8.6) (40,5.9) (41,4.3) (42,2.8) (46,5.5) (48,2.9) (49,9.1) 
48: (0,5.2) (1,6.5) (2,2.5) (5,1.5) (8,8.6) (10,1.1) (11,1.7) (14,9.3) (15,3.9) (17,9.0) (18,8.9) (19,8.0) (20,9.7) (21,1.8) (22,9.2) (23,6.6) (24,9.0) (25,2.7) (27,2.2) (28,4.0) (29,9.0) (30,4.1) (31,9.1) (32,3.0) (37,6.1) (38,6.9) (39,9.8) (40,6.6) (46,4.3) (47,2.9) (49,5.3) 
49: (0,8.2) (1,3.5) (2,9.5) (3,1.0) (4,9.9) (5,3.7) (8,4.7) (9,9.6) (10,6.2) (11,8.2) (13,5.7) (14,7.8) (15,2.3) (16,4.4) (17,3.0) (18,5.3) (19,2.8) (21,4.0) (22,6.2) (23,5.1) (25,4.7) (26,1.4) (28,8.3) (29,4.0) (32,7.0) (34,1.5) (36,8.7) (37,8.3) (38,8.7) (39,3.2) (41,9.7) (42,5.7) (43,9.2) (45,1.8) (47,9.1) (48,5.3) 
The shortest path from 0 to 1 in graph 3 is: [ 0 8 1 ] 
with cost: 4.8
The shortest path from 0 to 2 in graph 3 is: [ 0 40 4 2 ] 
with cost: 5.5
The shortest path from 0 to 3 in graph 3 is: [ 0 22 3 ] 
with cost: 3.9
The shortest path from 0 to 4 in graph 3 is: [ 0 40 4 ] 
with cost: 4.3
The shortest path from 0 to 5 in graph 3 is: [ 0 8 5 ] 
with cost: 5.4
The shortest path from 0 to 6 in graph 3 is: [ 0 22 6 ] 
with cost: 5.0
The shortest path from 0 to 7 in graph 3 is: [ 0 43 7 ] 
with cost: 4.4
The shortest path from 0 to 8 in graph 3 is: [ 0 8 ] 
with cost: 2.7
The shortest path from 0 to 9 in graph 3 is: [ 0 9 ] 
with cost: 5.0
The shortest path from 0 to 10 in graph 3 is: [ 0 38 10 ] 
with cost: 5.2
The shortest path from 0 to 11 in graph 3 is: [ 0 40 11 ] 
with cost: 4.3
The shortest path from 0 to 12 in graph 3 is: [ 0 20 12 ] 
with cost: 4.7
The shortest path from 0 to 13 in graph 3 is: [ 0 22 3 13 ] 
with cost: 5.2
The shortest path from 0 to 14 in graph 3 is: [ 0 22 14 ] 
with cost: 4.0
The shortest path from 0 to 15 in graph 3 is: [ 0 15 ] 
with cost: 4.2
The shortest path from 0 to 16 in graph 3 is: [ 0 42 16 ] 
with cost: 3.7
The shortest path from 0 to 17 in graph 3 is: [ 0 20 21 17 ] 
with cost: 5.4
The shortest path from 0 to 18 in graph 3 is: [ 0 18 ] 
with cost: 4.1
The shortest path from 0 to 19 in graph 3 is: [ 0 43 32 19 ] 
with cost: 6.0
The shortest path from 0 to 20 in graph 3 is: [ 0 20 ] 
with cost: 3.3
The shortest path from 0 to 21 in graph 3 is: [ 0 20 21 ] 
with cost: 4.4
The shortest path from 0 to 22 in graph 3 is: [ 0 22 ] 
with cost: 2.8
The shortest path from 0 to 23 in graph 3 is: [ 0 38 23 ] 
with cost: 4.9
The shortest path from 0 to 24 in graph 3 is: [ 0 43 45 39 24 ] 
with cost: 6.6
The shortest path from 0 to 25 in graph 3 is: [ 0 22 3 25 ] 
with cost: 5.5
The shortest path from 0 to 26 in graph 3 is: [ 0 40 26 ] 
with cost: 3.8
The shortest path from 0 to 27 in graph 3 is: [ 0 40 27 ] 
with cost: 4.3
The shortest path from 0 to 28 in graph 3 is: [ 0 33 28 ] 
with cost: 4.2
The shortest path from 0 to 29 in graph 3 is: [ 0 22 29 ] 
with cost: 4.3
The shortest path from 0 to 30 in graph 3 is: [ 0 43 45 30 ] 
with cost: 6.7
The shortest path from 0 to 31 in graph 3 is: [ 0 43 31 ] 
with cost: 4.2
The shortest path from 0 to 32 in graph 3 is: [ 0 43 32 ] 
with cost: 4.5
The shortest path from 0 to 33 in graph 3 is: [ 0 33 ] 
with cost: 2.8
The shortest path from 0 to 34 in graph 3 is: [ 0 40 34 ] 
with cost: 5.6
The shortest path from 0 to 35 in graph 3 is: [ 0 40 35 ] 
with cost: 4.4
The shortest path from 0 to 36 in graph 3 is: [ 0 40 26 36 ] 
with cost: 4.9
The shortest path from 0 to 37 in graph 3 is: [ 0 40 37 ] 
with cost: 4.4
The shortest path from 0 to 38 in graph 3 is: [ 0 38 ] 
with cost: 3.6
The shortest path from 0 to 39 in graph 3 is: [ 0 43 45 39 ] 
with cost: 4.9
The shortest path from 0 to 40 in graph 3 is: [ 0 40 ] 
with cost: 2.6
The shortest path from 0 to 41 in graph 3 is: [ 0 43 41 ] 
with cost: 4.9
The shortest path from 0 to 42 in graph 3 is: [ 0 42 ] 
with cost: 2.6
The shortest path from 0 to 43 in graph 3 is: [ 0 43 ] 
with cost: 2.6
The shortest path from 0 to 44 in graph 3 is: [ 0 42 16 44 ] 
with cost: 4.7
The shortest path from 0 to 45 in graph 3 is: [ 0 43 45 ] 
with cost: 3.6
The shortest path from 0 to 46 in graph 3 is: [ 0 40 46 ] 
with cost: 3.7
The shortest path from 0 to 47 in graph 3 is: [ 0 33 47 ] 
with cost: 4.5
The shortest path from 0 to 48 in graph 3 is: [ 0 48 ] 
with cost: 5.2
The shortest path from 0 to 49 in graph 3 is: [ 0 22 3 49 ] 
with cost: 4.9
The average path cost is: 4.4
