0: (6,9.7) 
1: (7,4.1) 
2: 
3: (8,5.3) 
4: 
5: 
6: (0,9.7) (7,3.5) 
7: (1,4.1) (6,3.5) 
8: (3,5.3) (9,5.3) 
9: (8,5.3) 
Graph 1
0: (7,2.5) (9,4.9) 
1: (2,4.9) 
2: (1,4.9) (4,1.7) (8,3.1) 
3: (6,6.5) 
4: (2,1.7) (5,5.9) 
5: (4,5.9) 
6: (3,6.5) 
7: (0,2.5) 
8: (2,3.1) 
9: (0,4.9) 
0: 
1: (6,5.8) 
2: (7,2.3) 
3: (6,3.0) 
4: (5,8.6) (6,9.6) 
5: (4,8.6) (6,3.2) (7,1.1) (8,1.0) 
6: (1,5.8) (3,3.0) (4,9.6) (5,3.2) 
7: (2,2.3) (5,1.1) 
8: (5,1.0) 
9: 
Graph 1
0: 
1: (3,8.4) (6,2.0) 
2: (5,8.5) (6,4.3) (8,7.1) 
3: (1,8.4) (4,4.6) 
4: (3,4.6) 
5: (2,8.5) (7,1.6) 
6: (1,2.0) (2,4.3) (7,6.2) 
7: (5,1.6) (6,6.2) 
8: (2,7.1) (9,5.4) 
9: (8,5.4) 
